X1 = 1.000000
X2 = 5.000000
